TAC:0
PCI:0
LAT:0
LON:0
ACCURACY:457.2
AGED:0
TAC:26006
PCI:29
LAT:-25.717506
LON:28.206353
ACCURACY:1195
AGED:0
TAC:26006
PCI:27
LAT:-25.717506
LON:28.206353
ACCURACY:1195
AGED:0
