TAC:0
PCI:0
LAT:0
LON:0
ACCURACY:457.2
AGED:0
TAC:26006
PCI:226
LAT:-25.727698
LON:28.203409
ACCURACY:350
AGED:0
TAC:26006
PCI:101
LAT:-25.725647
LON:28.197776
ACCURACY:350
AGED:0
